303733037330373303733037330373303733037330373303733037
255122551225512255122551225512255122551225512255122551
653326533265332653326533265332653326533265332653326533
335493354933549335493354933549335493354933549335493354
353903539035390353903539035390353903539035390353903539
303733037330373303733037330373303733037330373303733037
255122551225512255122551225512255122551225512255122551
653326533265332653326533265332653326533265332653326533
335493354933549335493354933549335493354933549335493354
353903539035390353903539035390353903539035390353903539
303733037330373303733037330373303733037330373303733037
255122551225512255122551225512255122551225512255122551
653326533265332653326533265332653326533265332653326533
335493354933549335493354933549335493354933549335493354
353903539035390353903539035390353903539035390353903539
303733037330373303733037330373303733037330373303733037
255122551225512255122551225512255122551225512255122551
653326533265332653326533265332653326533265332653326533
335493354933549335493354933549335493354933549335493354
353903539035390353903539035390353903539035390353903539
303733037330373303733037330373303733037330373303733037
255122551225512255122551225512255122551225512255122551
653326533265332653326533265332653326533265332653326533
335493354933549335493354933549335493354933549335493354
353903539035390353903539035390353903539035390353903539
303733037330373303733037330373303733037330373303733037
255122551225512255122551225512255122551225512255122551
653326533265332653326533265332653326533265332653326533
335493354933549335493354933549335493354933549335493354
353903539035390353903539035390353903539035390353903539
303733037330373303733037330373303733037330373303733037
255122551225512255122551225512255122551225512255122551
653326533265332653326533265332653326533265332653326533
335493354933549335493354933549335493354933549335493354
353903539035390353903539035390353903539035390353903539
303733037330373303733037330373303733037330373303733037
255122551225512255122551225512255122551225512255122551
653326533265332653326533265332653326533265332653326533
335493354933549335493354933549335493354933549335493354
353903539035390353903539035390353903539035390353903539
303733037330373303733037330373303733037330373303733037
255122551225512255122551225512255122551225512255122551
653326533265332653326533265332653326533265332653326533
335493354933549335493354933549335493354933549335493354
353903539035390353903539035390353903539035390353903539
303733037330373303733037330373303733037330373303733037
255122551225512255122551225512255122551225512255122551
653326533265332653326533265332653326533265332653326533
335493354933549335493354933549335493354933549335493354
353903539035390353903539035390353903539035390353903539
303733037330373303733037330373303733037330373303733037
255122551225512255122551225512255122551225512255122551
653326533265332653326533265332653326533265332653326533
335493354933549335493354933549335493354933549335493354
353903539035390353903539035390353903539035390353903539
303733037330373303733037330373303733037330373303733037
255122551225512255122551225512255122551225512255122551
653326533265332653326533265332653326533265332653326533
335493354933549335493354933549335493354933549335493354
353903539035390353903539035390353903539035390353903539
